crossing time (s)	slope (V/s)	crossing number
281474976710655.000000	34.281948	1206	0.000000
281474976710655.000000	35.276863	1207	0.000000
281474976710655.000000	33.162304	1208	0.000000
281474976710655.000000	31.079132	1209	0.000000
281474976710655.000000	30.710230	1210	0.000000
281474976710655.000000	41.203751	1211	0.000000
281474976710655.000000	35.899475	1212	0.000000
281474976710655.000000	30.432392	1213	0.000000
281474976710655.000000	34.553871	1214	0.000000
281474976710655.000000	36.631824	1215	0.000000
281474976710655.000000	34.924496	1216	0.000000
281474976710655.000000	34.916397	1217	0.000000
281474976710655.000000	30.208527	1218	0.000000
281474976710655.000000	34.483730	1219	0.000000
281474976710655.000000	34.192249	1220	0.000000
281474976710655.000000	35.745125	1221	0.000000
281474976710655.000000	28.730494	1222	0.000000
281474976710655.000000	34.587254	1223	0.000000
281474976710655.000000	30.371483	1224	0.000000
281474976710655.000000	28.160919	1225	0.000000
281474976710655.000000	34.178196	1226	0.000000
281474976710655.000000	33.953369	1227	0.000000
281474976710655.000000	34.018494	1228	0.000000
281474976710655.000000	34.263626	1229	0.000000
281474976710655.000000	37.083218	1230	0.000000
281474976710655.000000	29.501822	1231	0.000000
281474976710655.000000	35.622574	1232	0.000000
281474976710655.000000	33.379120	1233	0.000000
281474976710655.000000	33.800831	1234	0.000000
281474976710655.000000	36.061455	1235	0.000000
281474976710655.000000	29.988951	1236	0.000000
281474976710655.000000	39.291931	1237	0.000000
281474976710655.000000	33.758274	1238	0.000000
281474976710655.000000	31.178297	1239	0.000000
281474976710655.000000	34.149700	1240	0.000000
281474976710655.000000	35.012329	1241	0.000000
281474976710655.000000	36.402515	1242	0.000000
281474976710655.000000	33.578453	1243	0.000000
281474976710655.000000	33.189785	1244	0.000000
281474976710655.000000	33.234619	1245	0.000000
281474976710655.000000	29.446974	1246	0.000000
281474976710655.000000	33.296452	1247	0.000000
281474976710655.000000	30.811281	1248	0.000000
281474976710655.000000	30.716528	1249	0.000000
281474976710655.000000	32.549240	1250	0.000000
281474976710655.000000	31.251402	1251	0.000000
281474976710655.000000	32.529476	1252	0.000000
281474976710655.000000	39.422382	1253	0.000000
281474976710655.000000	37.798183	1254	0.000000
281474976710655.000000	34.014683	1255	0.000000
281474976710655.000000	32.385738	1256	0.000000
281474976710655.000000	33.252995	1257	0.000000
281474976710655.000000	28.665564	1258	0.000000
281474976710655.000000	33.093838	1259	0.000000
281474976710655.000000	32.563675	1260	0.000000
281474976710655.000000	33.018013	1261	0.000000
281474976710655.000000	32.354965	1262	0.000000
281474976710655.000000	33.414352	1263	0.000000
281474976710655.000000	32.542049	1264	0.000000
281474976710655.000000	31.138706	1265	0.000000
281474976710655.000000	35.425747	1266	0.000000
281474976710655.000000	33.493095	1267	0.000000
281474976710655.000000	32.809254	1268	0.000000
281474976710655.000000	30.907375	1269	0.000000
281474976710655.000000	29.523626	1270	0.000000
281474976710655.000000	32.358685	1271	0.000000
281474976710655.000000	31.973236	1272	0.000000
281474976710655.000000	31.613613	1273	0.000000
281474976710655.000000	29.737175	1274	0.000000
281474976710655.000000	33.083607	1275	0.000000
281474976710655.000000	28.907515	1276	0.000000
281474976710655.000000	31.139355	1277	0.000000
281474976710655.000000	33.588737	1278	0.000000
281474976710655.000000	29.463036	1279	0.000000
281474976710655.000000	31.828377	1280	0.000000
281474976710655.000000	31.531023	1281	0.000000
281474976710655.000000	33.377651	1282	0.000000
281474976710655.000000	32.677135	1283	0.000000
281474976710655.000000	28.833807	1284	0.000000
281474976710655.000000	29.268549	1285	0.000000
281474976710655.000000	32.879940	1286	0.000000
281474976710655.000000	30.071516	1287	0.000000
281474976710655.000000	31.056175	1288	0.000000
281474976710655.000000	32.432629	1289	0.000000
281474976710655.000000	32.132183	1290	0.000000
281474976710655.000000	28.775488	1291	0.000000
281474976710655.000000	28.653189	1292	0.000000
281474976710655.000000	27.816473	1293	0.000000
281474976710655.000000	31.468008	1294	0.000000
281474976710655.000000	34.539639	1295	0.000000
281474976710655.000000	32.639965	1296	0.000000
281474976710655.000000	32.004784	1297	0.000000
281474976710655.000000	32.286724	1298	0.000000
281474976710655.000000	32.877815	1299	0.000000
281474976710655.000000	31.939842	1300	0.000000
281474976710655.000000	28.546494	1301	0.000000
281474976710655.000000	27.651941	1302	0.000000
281474976710655.000000	35.099442	1303	0.000000
281474976710655.000000	28.672941	1304	0.000000
281474976710655.000000	29.944351	1305	0.000000
281474976710655.000000	30.670765	1306	0.000000
281474976710655.000000	28.058477	1307	0.000000
281474976710655.000000	27.884575	1308	0.000000
281474976710655.000000	28.814632	1309	0.000000
281474976710655.000000	28.448647	1310	0.000000
281474976710655.000000	28.105501	1311	0.000000
281474976710655.000000	26.915960	1312	0.000000
281474976710655.000000	26.239607	1313	0.000000
281474976710655.000000	28.323261	1314	0.000000
281474976710655.000000	30.511135	1315	0.000000
281474976710655.000000	31.402039	1316	0.000000
281474976710655.000000	28.509703	1317	0.000000
281474976710655.000000	27.841469	1318	0.000000
281474976710655.000000	30.272394	1319	0.000000
281474976710655.000000	27.277519	1320	0.000000
281474976710655.000000	28.388510	1321	0.000000
281474976710655.000000	31.972021	1322	0.000000
281474976710655.000000	27.733854	1323	0.000000
281474976710655.000000	36.915173	1324	0.000000
281474976710655.000000	27.239262	1325	0.000000
281474976710655.000000	34.036118	1326	0.000000
281474976710655.000000	30.245518	1327	0.000000
281474976710655.000000	28.346703	1328	0.000000
281474976710655.000000	30.242088	1329	0.000000
281474976710655.000000	28.041910	1330	0.000000
281474976710655.000000	29.904484	1331	0.000000
281474976710655.000000	30.913113	1332	0.000000
281474976710655.000000	28.829481	1333	0.000000
281474976710655.000000	29.177011	1334	0.000000
281474976710655.000000	29.391619	1335	0.000000
281474976710655.000000	30.661049	1336	0.000000
281474976710655.000000	26.207146	1337	0.000000
281474976710655.000000	27.879509	1338	0.000000
281474976710655.000000	27.622538	1339	0.000000
281474976710655.000000	27.525167	1340	0.000000
281474976710655.000000	29.111380	1341	0.000000
281474976710655.000000	29.436432	1342	0.000000
281474976710655.000000	29.280254	1343	0.000000
281474976710655.000000	28.943350	1344	0.000000
281474976710655.000000	29.444284	1345	0.000000
281474976710655.000000	32.533569	1346	0.000000
281474976710655.000000	32.087597	1347	0.000000
281474976710655.000000	26.829470	1348	0.000000
281474976710655.000000	26.482885	1349	0.000000
281474976710655.000000	27.448067	1350	0.000000
281474976710655.000000	27.486410	1351	0.000000
281474976710655.000000	31.574823	1352	0.000000
281474976710655.000000	28.151217	1353	0.000000
281474976710655.000000	28.486223	1354	0.000000
281474976710655.000000	27.506197	1355	0.000000
281474976710655.000000	27.398914	1356	0.000000
281474976710655.000000	27.205877	1357	0.000000
281474976710655.000000	26.619614	1358	0.000000
281474976710655.000000	26.607357	1359	0.000000
281474976710655.000000	29.109058	1360	0.000000
281474976710655.000000	30.363993	1361	0.000000
281474976710655.000000	30.352264	1362	0.000000
281474976710655.000000	30.161654	1363	0.000000
281474976710655.000000	26.595026	1364	0.000000
281474976710655.000000	27.347904	1365	0.000000
281474976710655.000000	26.561647	1366	0.000000
281474976710655.000000	26.615644	1367	0.000000
281474976710655.000000	26.745468	1368	0.000000
281474976710655.000000	26.209948	1369	0.000000
281474976710655.000000	28.617138	1370	0.000000
281474976710655.000000	26.298389	1371	0.000000
281474976710655.000000	26.235264	1372	0.000000
281474976710655.000000	27.314911	1373	0.000000
281474976710655.000000	27.896889	1374	0.000000
281474976710655.000000	27.945318	1375	0.000000
281474976710655.000000	30.935516	1376	0.000000
281474976710655.000000	29.479858	1377	0.000000
281474976710655.000000	26.260141	1378	0.000000
281474976710655.000000	25.985779	1379	0.000000
281474976710655.000000	26.198803	1380	0.000000
281474976710655.000000	28.282475	1381	0.000000
281474976710655.000000	27.929459	1382	0.000000
281474976710655.000000	26.148447	1383	0.000000
281474976710655.000000	25.953796	1384	0.000000
281474976710655.000000	25.993439	1385	0.000000
281474976710655.000000	25.647949	1386	0.000000
281474976710655.000000	29.140152	1387	0.000000
281474976710655.000000	27.821024	1388	0.000000
281474976710655.000000	26.318880	1389	0.000000
281474976710655.000000	27.758736	1390	0.000000
281474976710655.000000	25.667370	1391	0.000000
281474976710655.000000	25.489470	1392	0.000000
281474976710655.000000	27.242441	1393	0.000000
281474976710655.000000	28.384359	1394	0.000000
281474976710655.000000	29.512775	1395	0.000000
281474976710655.000000	25.560425	1396	0.000000
281474976710655.000000	29.200397	1397	0.000000
281474976710655.000000	27.170040	1398	0.000000
281474976710655.000000	25.723091	1399	0.000000
281474976710655.000000	26.429255	1400	0.000000
281474976710655.000000	25.439512	1401	0.000000
281474976710655.000000	27.169104	1402	0.000000
281474976710655.000000	27.867937	1403	0.000000
281474976710655.000000	28.122007	1404	0.000000
281474976710655.000000	27.360937	1405	0.000000
281474976710655.000000	27.078266	1406	0.000000
281474976710655.000000	25.195753	1407	0.000000
281474976710655.000000	26.070877	1408	0.000000
281474976710655.000000	27.588966	1409	0.000000
281474976710655.000000	27.303984	1410	0.000000
281474976710655.000000	27.532511	1411	0.000000
281474976710655.000000	25.350912	1412	0.000000
281474976710655.000000	26.337486	1413	0.000000
281474976710655.000000	28.376482	1414	0.000000
281474976710655.000000	25.046846	1415	0.000000
281474976710655.000000	25.113203	1416	0.000000
281474976710655.000000	25.654171	1417	0.000000
281474976710655.000000	27.097900	1418	0.000000
281474976710655.000000	26.784266	1419	0.000000
281474976710655.000000	27.530661	1420	0.000000
281474976710655.000000	27.866293	1421	0.000000
281474976710655.000000	27.637974	1422	0.000000
281474976710655.000000	25.190596	1423	0.000000
281474976710655.000000	24.694418	1424	0.000000
281474976710655.000000	25.012539	1425	0.000000
281474976710655.000000	28.200893	1426	0.000000
281474976710655.000000	26.127699	1427	0.000000
281474976710655.000000	26.094023	1428	0.000000
281474976710655.000000	25.924213	1429	0.000000
281474976710655.000000	25.453058	1430	0.000000
281474976710655.000000	26.321480	1431	0.000000
281474976710655.000000	24.773417	1432	0.000000
281474976710655.000000	25.803789	1433	0.000000
281474976710655.000000	24.581284	1434	0.000000
281474976710655.000000	27.568842	1435	0.000000
281474976710655.000000	24.799326	1436	0.000000
281474976710655.000000	26.051672	1437	0.000000
281474976710655.000000	25.054098	1438	0.000000
281474976710655.000000	25.417374	1439	0.000000
281474976710655.000000	25.576757	1440	0.000000
281474976710655.000000	26.522657	1441	0.000000
281474976710655.000000	26.885082	1442	0.000000
281474976710655.000000	27.166483	1443	0.000000
281474976710655.000000	25.651230	1444	0.000000
281474976710655.000000	26.457443	1445	0.000000
281474976710655.000000	25.690334	1446	0.000000
281474976710655.000000	25.503677	1447	0.000000
281474976710655.000000	25.659138	1448	0.000000
281474976710655.000000	27.343628	1449	0.000000
281474976710655.000000	25.669613	1450	0.000000
281474976710655.000000	25.270485	1451	0.000000
281474976710655.000000	25.120222	1452	0.000000
281474976710655.000000	27.407801	1453	0.000000
281474976710655.000000	23.901733	1454	0.000000
281474976710655.000000	24.266863	1455	0.000000
281474976710655.000000	25.077934	1456	0.000000
281474976710655.000000	25.571264	1457	0.000000
281474976710655.000000	26.583773	1458	0.000000
281474976710655.000000	25.280254	1459	0.000000
281474976710655.000000	25.107647	1460	0.000000
281474976710655.000000	24.704311	1461	0.000000
281474976710655.000000	23.850021	1462	0.000000
281474976710655.000000	23.753393	1463	0.000000
281474976710655.000000	25.616968	1464	0.000000
281474976710655.000000	24.884970	1465	0.000000
281474976710655.000000	24.870321	1466	0.000000
281474976710655.000000	25.491976	1467	0.000000
281474976710655.000000	25.196079	1468	0.000000
281474976710655.000000	25.545916	1469	0.000000
281474976710655.000000	25.563581	1470	0.000000
281474976710655.000000	25.419577	1471	0.000000
281474976710655.000000	24.555851	1472	0.000000
281474976710655.000000	25.443075	1473	0.000000
281474976710655.000000	24.576481	1474	0.000000
281474976710655.000000	25.525108	1475	0.000000
281474976710655.000000	23.553528	1476	0.000000
281474976710655.000000	25.527802	1477	0.000000
281474976710655.000000	26.112688	1478	0.000000
281474976710655.000000	26.232008	1479	0.000000
281474976710655.000000	23.289457	1480	0.000000
281474976710655.000000	24.988375	1481	0.000000
281474976710655.000000	23.508654	1482	0.000000
281474976710655.000000	26.149534	1483	0.000000
281474976710655.000000	24.984606	1484	0.000000
281474976710655.000000	23.365166	1485	0.000000
281474976710655.000000	24.880198	1486	0.000000
281474976710655.000000	25.975067	1487	0.000000
281474976710655.000000	23.068954	1488	0.000000
281474976710655.000000	23.645988	1489	0.000000
281474976710655.000000	24.089939	1490	0.000000
281474976710655.000000	24.313387	1491	0.000000
281474976710655.000000	24.341911	1492	0.000000
281474976710655.000000	24.121284	1493	0.000000
281474976710655.000000	24.601072	1494	0.000000
281474976710655.000000	25.136559	1495	0.000000
281474976710655.000000	23.984472	1496	0.000000
281474976710655.000000	27.044930	1497	0.000000
281474976710655.000000	23.352859	1498	0.000000
281474976710655.000000	25.860584	1499	0.000000
281474976710655.000000	22.553371	1500	0.000000
281474976710655.000000	24.831320	1501	0.000000
281474976710655.000000	24.752922	1502	0.000000
281474976710655.000000	24.837919	1503	0.000000
281474976710655.000000	22.576481	1504	0.000000
281474976710655.000000	24.887333	1505	0.000000
281474976710655.000000	22.695480	1506	0.000000
281474976710655.000000	22.375048	1507	0.000000
281474976710655.000000	23.710884	1508	0.000000
281474976710655.000000	22.691189	1509	0.000000
281474976710655.000000	25.412916	1510	0.000000
281474976710655.000000	23.830660	1511	0.000000
281474976710655.000000	25.290705	1512	0.000000
281474976710655.000000	24.537550	1513	0.000000
281474976710655.000000	24.447304	1514	0.000000
281474976710655.000000	23.542765	1515	0.000000
281474976710655.000000	24.120848	1516	0.000000
281474976710655.000000	25.040934	1517	0.000000
281474976710655.000000	24.060909	1518	0.000000
281474976710655.000000	23.240704	1519	0.000000
281474976710655.000000	23.697084	1520	0.000000
281474976710655.000000	23.266136	1521	0.000000
281474976710655.000000	24.004807	1522	0.000000
281474976710655.000000	22.599331	1523	0.000000
281474976710655.000000	24.998081	1524	0.000000
281474976710655.000000	24.034548	1525	0.000000
281474976710655.000000	25.062721	1526	0.000000
281474976710655.000000	24.910969	1527	0.000000
281474976710655.000000	23.314390	1528	0.000000
281474976710655.000000	25.729929	1529	0.000000
281474976710655.000000	22.864836	1530	0.000000
281474976710655.000000	23.398046	1531	0.000000
281474976710655.000000	23.357012	1532	0.000000
281474976710655.000000	23.575268	1533	0.000000
281474976710655.000000	22.798933	1534	0.000000
281474976710655.000000	24.084013	1535	0.000000
281474976710655.000000	23.936642	1536	0.000000
281474976710655.000000	24.744740	1537	0.000000
281474976710655.000000	22.726696	1538	0.000000
281474976710655.000000	22.608847	1539	0.000000
281474976710655.000000	22.710411	1540	0.000000
281474976710655.000000	23.266186	1541	0.000000
281474976710655.000000	23.800037	1542	0.000000
281474976710655.000000	24.091948	1543	0.000000
281474976710655.000000	21.510006	1544	0.000000
281474976710655.000000	21.985054	1545	0.000000
281474976710655.000000	22.378380	1546	0.000000
281474976710655.000000	24.426615	1547	0.000000
281474976710655.000000	22.793041	1548	0.000000
281474976710655.000000	24.354832	1549	0.000000
281474976710655.000000	23.040907	1550	0.000000
281474976710655.000000	23.135044	1551	0.000000
281474976710655.000000	21.330376	1552	0.000000
281474976710655.000000	22.153208	1553	0.000000
281474976710655.000000	23.036108	1554	0.000000
281474976710655.000000	23.335459	1555	0.000000
281474976710655.000000	23.547426	1556	0.000000
281474976710655.000000	22.750717	1557	0.000000
281474976710655.000000	22.513462	1558	0.000000
281474976710655.000000	24.753086	1559	0.000000
281474976710655.000000	22.629467	1560	0.000000
281474976710655.000000	23.482346	1561	0.000000
281474976710655.000000	22.805689	1562	0.000000
281474976710655.000000	21.997290	1563	0.000000
281474976710655.000000	23.336014	1564	0.000000
281474976710655.000000	21.146616	1565	0.000000
281474976710655.000000	22.639816	1566	0.000000
281474976710655.000000	22.105452	1567	0.000000
281474976710655.000000	22.078100	1568	0.000000
281474976710655.000000	22.525198	1569	0.000000
281474976710655.000000	22.117243	1570	0.000000
281474976710655.000000	22.255249	1571	0.000000
281474976710655.000000	23.092632	1572	0.000000
281474976710655.000000	21.118446	1573	0.000000
281474976710655.000000	22.184017	1574	0.000000
281474976710655.000000	21.706600	1575	0.000000
281474976710655.000000	21.599617	1576	0.000000
281474976710655.000000	21.819445	1577	0.000000
281474976710655.000000	22.558493	1578	0.000000
281474976710655.000000	21.934252	1579	0.000000
281474976710655.000000	22.640072	1580	0.000000
281474976710655.000000	22.936569	1581	0.000000
281474976710655.000000	22.106787	1582	0.000000
281474976710655.000000	22.277376	1583	0.000000
281474976710655.000000	21.435644	1584	0.000000
281474976710655.000000	22.159756	1585	0.000000
281474976710655.000000	20.931711	1586	0.000000
281474976710655.000000	23.243006	1587	0.000000
281474976710655.000000	22.786940	1588	0.000000
281474976710655.000000	22.926435	1589	0.000000
281474976710655.000000	23.853586	1590	0.000000
281474976710655.000000	21.234341	1591	0.000000
281474976710655.000000	21.330776	1592	0.000000
281474976710655.000000	21.949625	1593	0.000000
281474976710655.000000	21.443512	1594	0.000000
281474976710655.000000	22.116673	1595	0.000000
281474976710655.000000	21.644564	1596	0.000000
281474976710655.000000	22.338463	1597	0.000000
281474976710655.000000	21.113501	1598	0.000000
281474976710655.000000	21.436037	1599	0.000000
281474976710655.000000	21.767433	1600	0.000000
281474976710655.000000	22.498350	1601	0.000000
281474976710655.000000	21.906145	1602	0.000000
281474976710655.000000	22.900429	1603	0.000000
281474976710655.000000	21.431818	1604	0.000000
281474976710655.000000	20.876188	1605	0.000000
281474976710655.000000	21.318933	1606	0.000000
281474976710655.000000	20.821575	1607	0.000000
281474976710655.000000	22.120237	1608	0.000000
281474976710655.000000	21.820385	1609	0.000000
281474976710655.000000	22.553804	1610	0.000000
281474976710655.000000	21.070887	1611	0.000000
281474976710655.000000	21.374416	1612	0.000000
281474976710655.000000	21.915651	1613	0.000000
281474976710655.000000	22.123514	1614	0.000000
281474976710655.000000	21.565262	1615	0.000000
281474976710655.000000	21.547440	1616	0.000000
281474976710655.000000	21.180223	1617	0.000000
281474976710655.000000	21.786278	1618	0.000000
281474976710655.000000	22.146723	1619	0.000000
281474976710655.000000	20.952662	1620	0.000000
281474976710655.000000	20.940409	1621	0.000000
281474976710655.000000	20.904446	1622	0.000000
281474976710655.000000	20.636400	1623	0.000000
281474976710655.000000	20.881636	1624	0.000000
281474976710655.000000	20.987610	1625	0.000000
281474976710655.000000	21.005718	1626	0.000000
281474976710655.000000	20.785254	1627	0.000000
281474976710655.000000	19.967495	1628	0.000000
281474976710655.000000	21.354952	1629	0.000000
281474976710655.000000	21.575432	1630	0.000000
281474976710655.000000	20.616152	1631	0.000000
281474976710655.000000	20.869257	1632	0.000000
281474976710655.000000	20.196716	1633	0.000000
281474976710655.000000	20.008619	1634	0.000000
281474976710655.000000	20.414686	1635	0.000000
281474976710655.000000	19.983562	1636	0.000000
281474976710655.000000	21.961332	1637	0.000000
281474976710655.000000	21.293083	1638	0.000000
281474976710655.000000	21.065676	1639	0.000000
281474976710655.000000	20.634422	1640	0.000000
281474976710655.000000	20.091679	1641	0.000000
281474976710655.000000	20.477280	1642	0.000000
281474976710655.000000	21.217012	1643	0.000000
281474976710655.000000	20.544317	1644	0.000000
281474976710655.000000	21.184950	1645	0.000000
281474976710655.000000	20.100992	1646	0.000000
281474976710655.000000	20.642309	1647	0.000000
281474976710655.000000	20.544802	1648	0.000000
281474976710655.000000	19.623798	1649	0.000000
281474976710655.000000	20.498190	1650	0.000000
281474976710655.000000	20.627377	1651	0.000000
281474976710655.000000	19.883940	1652	0.000000
281474976710655.000000	20.550423	1653	0.000000
281474976710655.000000	21.923040	1654	0.000000
281474976710655.000000	20.300621	1655	0.000000
281474976710655.000000	20.077536	1656	0.000000
281474976710655.000000	20.517820	1657	0.000000
281474976710655.000000	20.156279	1658	0.000000
281474976710655.000000	20.620827	1659	0.000000
281474976710655.000000	20.583900	1660	0.000000
281474976710655.000000	19.958054	1661	0.000000
281474976710655.000000	20.154787	1662	0.000000
281474976710655.000000	20.760775	1663	0.000000
281474976710655.000000	20.238297	1664	0.000000
281474976710655.000000	20.393879	1665	0.000000
281474976710655.000000	20.250864	1666	0.000000
281474976710655.000000	21.372780	1667	0.000000
281474976710655.000000	19.595436	1668	0.000000
281474976710655.000000	19.815834	1669	0.000000
281474976710655.000000	19.638489	1670	0.000000
281474976710655.000000	21.093262	1671	0.000000
281474976710655.000000	20.626116	1672	0.000000
281474976710655.000000	19.609915	1673	0.000000
281474976710655.000000	19.471035	1674	0.000000
281474976710655.000000	19.343624	1675	0.000000
281474976710655.000000	20.639517	1676	0.000000
281474976710655.000000	19.089495	1677	0.000000
281474976710655.000000	19.151415	1678	0.000000
281474976710655.000000	19.304955	1679	0.000000
281474976710655.000000	20.351530	1680	0.000000
281474976710655.000000	19.881540	1681	0.000000
281474976710655.000000	19.720587	1682	0.000000
281474976710655.000000	19.193445	1683	0.000000
281474976710655.000000	19.020063	1684	0.000000
281474976710655.000000	19.233150	1685	0.000000
281474976710655.000000	20.489801	1686	0.000000
281474976710655.000000	19.869043	1687	0.000000
281474976710655.000000	19.597252	1688	0.000000
281474976710655.000000	19.422058	1689	0.000000
281474976710655.000000	19.475697	1690	0.000000
281474976710655.000000	19.313761	1691	0.000000
281474976710655.000000	18.767630	1692	0.000000
281474976710655.000000	19.509552	1693	0.000000
281474976710655.000000	18.555161	1694	0.000000
281474976710655.000000	20.130789	1695	0.000000
281474976710655.000000	19.033274	1696	0.000000
281474976710655.000000	19.192825	1697	0.000000
281474976710655.000000	19.093628	1698	0.000000
281474976710655.000000	19.287977	1699	0.000000
281474976710655.000000	18.963324	1700	0.000000
281474976710655.000000	18.950335	1701	0.000000
281474976710655.000000	19.011257	1702	0.000000
281474976710655.000000	18.821726	1703	0.000000
281474976710655.000000	18.893196	1704	0.000000
281474976710655.000000	18.913713	1705	0.000000
281474976710655.000000	19.165787	1706	0.000000
281474976710655.000000	19.645546	1707	0.000000
281474976710655.000000	19.263435	1708	0.000000
281474976710655.000000	18.257818	1709	0.000000
281474976710655.000000	18.405033	1710	0.000000
281474976710655.000000	19.843372	1711	0.000000
281474976710655.000000	19.026648	1712	0.000000
281474976710655.000000	18.262854	1713	0.000000
281474976710655.000000	18.449114	1714	0.000000
281474976710655.000000	18.343401	1715	0.000000
281474976710655.000000	18.988405	1716	0.000000
281474976710655.000000	18.720156	1717	0.000000
281474976710655.000000	18.926786	1718	0.000000
281474976710655.000000	18.695045	1719	0.000000
281474976710655.000000	18.414810	1720	0.000000
281474976710655.000000	19.238657	1721	0.000000
281474976710655.000000	18.489426	1722	0.000000
281474976710655.000000	18.965921	1723	0.000000
281474976710655.000000	18.233896	1724	0.000000
281474976710655.000000	18.145864	1725	0.000000
281474976710655.000000	18.614918	1726	0.000000
281474976710655.000000	18.748150	1727	0.000000
281474976710655.000000	18.448103	1728	0.000000
281474976710655.000000	18.806576	1729	0.000000
281474976710655.000000	17.966621	1730	0.000000
281474976710655.000000	18.088522	1731	0.000000
281474976710655.000000	17.650499	1732	0.000000
281474976710655.000000	19.247869	1733	0.000000
281474976710655.000000	18.985346	1734	0.000000
281474976710655.000000	19.029993	1735	0.000000
281474976710655.000000	19.156748	1736	0.000000
281474976710655.000000	17.975443	1737	0.000000
281474976710655.000000	18.158375	1738	0.000000
281474976710655.000000	18.203739	1739	0.000000
281474976710655.000000	18.468006	1740	0.000000
281474976710655.000000	18.412327	1741	0.000000
281474976710655.000000	17.995708	1742	0.000000
281474976710655.000000	17.636030	1743	0.000000
281474976710655.000000	18.544909	1744	0.000000
281474976710655.000000	17.936089	1745	0.000000
281474976710655.000000	17.969389	1746	0.000000
281474976710655.000000	17.658991	1747	0.000000
281474976710655.000000	18.059391	1748	0.000000
281474976710655.000000	18.120453	1749	0.000000
281474976710655.000000	18.523136	1750	0.000000
281474976710655.000000	18.074057	1751	0.000000
281474976710655.000000	17.074024	1752	0.000000
281474976710655.000000	18.275930	1753	0.000000
281474976710655.000000	17.588676	1754	0.000000
281474976710655.000000	17.613981	1755	0.000000
281474976710655.000000	18.376680	1756	0.000000
281474976710655.000000	17.606054	1757	0.000000
281474976710655.000000	18.422354	1758	0.000000
281474976710655.000000	18.141390	1759	0.000000
281474976710655.000000	17.938745	1760	0.000000
281474976710655.000000	18.445173	1761	0.000000
281474976710655.000000	18.206478	1762	0.000000
281474976710655.000000	17.706902	1763	0.000000
281474976710655.000000	17.518673	1764	0.000000
281474976710655.000000	18.072456	1765	0.000000
281474976710655.000000	17.629906	1766	0.000000
281474976710655.000000	17.910797	1767	0.000000
281474976710655.000000	17.610994	1768	0.000000
281474976710655.000000	18.251181	1769	0.000000
281474976710655.000000	17.722673	1770	0.000000
281474976710655.000000	17.802984	1771	0.000000
281474976710655.000000	17.879297	1772	0.000000
281474976710655.000000	17.776688	1773	0.000000
281474976710655.000000	17.199699	1774	0.000000
281474976710655.000000	16.798080	1775	0.000000
281474976710655.000000	17.553740	1776	0.000000
281474976710655.000000	17.534954	1777	0.000000
281474976710655.000000	17.928410	1778	0.000000
281474976710655.000000	17.267015	1779	0.000000
281474976710655.000000	16.913204	1780	0.000000
281474976710655.000000	17.567558	1781	0.000000
281474976710655.000000	17.227085	1782	0.000000
281474976710655.000000	17.026909	1783	0.000000
281474976710655.000000	17.715321	1784	0.000000
281474976710655.000000	17.020292	1785	0.000000
281474976710655.000000	17.362980	1786	0.000000
281474976710655.000000	16.867247	1787	0.000000
281474976710655.000000	17.046537	1788	0.000000
281474976710655.000000	17.508957	1789	0.000000
281474976710655.000000	17.535400	1790	0.000000
281474976710655.000000	17.391533	1791	0.000000
281474976710655.000000	16.740017	1792	0.000000
281474976710655.000000	17.350866	1793	0.000000
281474976710655.000000	17.090096	1794	0.000000
281474976710655.000000	17.322683	1795	0.000000
281474976710655.000000	17.049463	1796	0.000000
281474976710655.000000	17.759150	1797	0.000000
281474976710655.000000	17.012646	1798	0.000000
281474976710655.000000	16.669828	1799	0.000000
281474976710655.000000	16.946140	1800	0.000000
281474976710655.000000	16.714605	1801	0.000000
281474976710655.000000	16.793365	1802	0.000000
281474976710655.000000	17.398439	1803	0.000000
281474976710655.000000	17.107418	1804	0.000000
281474976710655.000000	17.565556	1805	0.000000
281474976710655.000000	17.246180	1806	0.000000
281474976710655.000000	16.401512	1807	0.000000
281474976710655.000000	16.787939	1808	0.000000
281474976710655.000000	17.119011	1809	0.000000
281474976710655.000000	17.118864	1810	0.000000
281474976710655.000000	16.482895	1811	0.000000
281474976710655.000000	17.065685	1812	0.000000
281474976710655.000000	16.701456	1813	0.000000
281474976710655.000000	17.023182	1814	0.000000
281474976710655.000000	16.507164	1815	0.000000
281474976710655.000000	17.036291	1816	0.000000
281474976710655.000000	16.376638	1817	0.000000
281474976710655.000000	16.591087	1818	0.000000
281474976710655.000000	16.579666	1819	0.000000
281474976710655.000000	16.732267	1820	0.000000
281474976710655.000000	16.434328	1821	0.000000
281474976710655.000000	16.269842	1822	0.000000
281474976710655.000000	16.528316	1823	0.000000
281474976710655.000000	16.749907	1824	0.000000
281474976710655.000000	16.422211	1825	0.000000
281474976710655.000000	16.626595	1826	0.000000
281474976710655.000000	16.351355	1827	0.000000
281474976710655.000000	16.602787	1828	0.000000
281474976710655.000000	16.367105	1829	0.000000
281474976710655.000000	16.068003	1830	0.000000
281474976710655.000000	16.685825	1831	0.000000
281474976710655.000000	16.363972	1832	0.000000
281474976710655.000000	16.415337	1833	0.000000
281474976710655.000000	16.214539	1834	0.000000
281474976710655.000000	16.220724	1835	0.000000
281474976710655.000000	16.397539	1836	0.000000
281474976710655.000000	16.045786	1837	0.000000
281474976710655.000000	16.079107	1838	0.000000
281474976710655.000000	16.023958	1839	0.000000
281474976710655.000000	16.573040	1840	0.000000
281474976710655.000000	16.683617	1841	0.000000
281474976710655.000000	15.880617	1842	0.000000
281474976710655.000000	16.259193	1843	0.000000
281474976710655.000000	15.762444	1844	0.000000
281474976710655.000000	16.552324	1845	0.000000
281474976710655.000000	16.565874	1846	0.000000
281474976710655.000000	15.925919	1847	0.000000
281474976710655.000000	15.967460	1848	0.000000
281474976710655.000000	16.284716	1849	0.000000
281474976710655.000000	15.599490	1850	0.000000
281474976710655.000000	15.881728	1851	0.000000
281474976710655.000000	16.092327	1852	0.000000
281474976710655.000000	15.912393	1853	0.000000
281474976710655.000000	16.162981	1854	0.000000
281474976710655.000000	15.824177	1855	0.000000
281474976710655.000000	16.288645	1856	0.000000
281474976710655.000000	16.268278	1857	0.000000
281474976710655.000000	15.575518	1858	0.000000
281474976710655.000000	16.259104	1859	0.000000
281474976710655.000000	16.086323	1860	0.000000
281474976710655.000000	16.151703	1861	0.000000
281474976710655.000000	15.638426	1862	0.000000
281474976710655.000000	15.544917	1863	0.000000
281474976710655.000000	16.071602	1864	0.000000
281474976710655.000000	15.985813	1865	0.000000
281474976710655.000000	15.790913	1866	0.000000
281474976710655.000000	15.789932	1867	0.000000
281474976710655.000000	15.989678	1868	0.000000
281474976710655.000000	15.511490	1869	0.000000
281474976710655.000000	15.624914	1870	0.000000
281474976710655.000000	15.353558	1871	0.000000
281474976710655.000000	15.797430	1872	0.000000
281474976710655.000000	15.408832	1873	0.000000
281474976710655.000000	15.928386	1874	0.000000
281474976710655.000000	15.509259	1875	0.000000
281474976710655.000000	15.663673	1876	0.000000
281474976710655.000000	15.692848	1877	0.000000
281474976710655.000000	15.236420	1878	0.000000
281474976710655.000000	15.505706	1879	0.000000
281474976710655.000000	15.740713	1880	0.000000
281474976710655.000000	15.892326	1881	0.000000
281474976710655.000000	15.442622	1882	0.000000
281474976710655.000000	15.460016	1883	0.000000
281474976710655.000000	15.669803	1884	0.000000
281474976710655.000000	15.319636	1885	0.000000
281474976710655.000000	15.080423	1886	0.000000
281474976710655.000000	15.333549	1887	0.000000
281474976710655.000000	15.555625	1888	0.000000
281474976710655.000000	15.238377	1889	0.000000
281474976710655.000000	15.334795	1890	0.000000
281474976710655.000000	14.966427	1891	0.000000
281474976710655.000000	15.166787	1892	0.000000
281474976710655.000000	15.745440	1893	0.000000
281474976710655.000000	15.034780	1894	0.000000
281474976710655.000000	15.374215	1895	0.000000
281474976710655.000000	15.348062	1896	0.000000
281474976710655.000000	15.143442	1897	0.000000
281474976710655.000000	15.152355	1898	0.000000
281474976710655.000000	15.391483	1899	0.000000
281474976710655.000000	15.258203	1900	0.000000
281474976710655.000000	15.592973	1901	0.000000
281474976710655.000000	14.931162	1902	0.000000
281474976710655.000000	15.209151	1903	0.000000
281474976710655.000000	14.919641	1904	0.000000
281474976710655.000000	15.467106	1905	0.000000
281474976710655.000000	14.911839	1906	0.000000
281474976710655.000000	14.829610	1907	0.000000
281474976710655.000000	14.889380	1908	0.000000
281474976710655.000000	14.733106	1909	0.000000
281474976710655.000000	14.967767	1910	0.000000
281474976710655.000000	15.009171	1911	0.000000
281474976710655.000000	14.559633	1912	0.000000
281474976710655.000000	15.081398	1913	0.000000
281474976710655.000000	15.155583	1914	0.000000
281474976710655.000000	15.033628	1915	0.000000
281474976710655.000000	15.321159	1916	0.000000
281474976710655.000000	14.989610	1917	0.000000
281474976710655.000000	14.849068	1918	0.000000
281474976710655.000000	14.540199	1919	0.000000
281474976710655.000000	14.708769	1920	0.000000
281474976710655.000000	14.508627	1921	0.000000
281474976710655.000000	14.749439	1922	0.000000
281474976710655.000000	14.991105	1923	0.000000
281474976710655.000000	14.833649	1924	0.000000
281474976710655.000000	14.709476	1925	0.000000
281474976710655.000000	14.428070	1926	0.000000
281474976710655.000000	14.700961	1927	0.000000
281474976710655.000000	14.843227	1928	0.000000
281474976710655.000000	14.396328	1929	0.000000
281474976710655.000000	14.869779	1930	0.000000
281474976710655.000000	14.400692	1931	0.000000
281474976710655.000000	14.473994	1932	0.000000
281474976710655.000000	14.750470	1933	0.000000
281474976710655.000000	14.183515	1934	0.000000
281474976710655.000000	14.869331	1935	0.000000
281474976710655.000000	14.635661	1936	0.000000
281474976710655.000000	14.883395	1937	0.000000
281474976710655.000000	14.411839	1938	0.000000
281474976710655.000000	14.363216	1939	0.000000
281474976710655.000000	14.110744	1940	0.000000
281474976710655.000000	14.005363	1941	0.000000
281474976710655.000000	14.434009	1942	0.000000
281474976710655.000000	14.615898	1943	0.000000
281474976710655.000000	14.333941	1944	0.000000
281474976710655.000000	14.742296	1945	0.000000
281474976710655.000000	14.093265	1946	0.000000
281474976710655.000000	14.287773	1947	0.000000
281474976710655.000000	14.480066	1948	0.000000
281474976710655.000000	14.487493	1949	0.000000
281474976710655.000000	14.540320	1950	0.000000
281474976710655.000000	14.624433	1951	0.000000
281474976710655.000000	14.312000	1952	0.000000
281474976710655.000000	14.023531	1953	0.000000
281474976710655.000000	14.498349	1954	0.000000
281474976710655.000000	13.824554	1955	0.000000
281474976710655.000000	14.068984	1956	0.000000
281474976710655.000000	14.216686	1957	0.000000
281474976710655.000000	13.903528	1958	0.000000
281474976710655.000000	13.934537	1959	0.000000
281474976710655.000000	14.266031	1960	0.000000
281474976710655.000000	13.853310	1961	0.000000
281474976710655.000000	13.791749	1962	0.000000
281474976710655.000000	13.880240	1963	0.000000
281474976710655.000000	13.916945	1964	0.000000
281474976710655.000000	14.035510	1965	0.000000
281474976710655.000000	13.972633	1966	0.000000
281474976710655.000000	13.977230	1967	0.000000
281474976710655.000000	13.954666	1968	0.000000
281474976710655.000000	13.813681	1969	0.000000
281474976710655.000000	13.700795	1970	0.000000
281474976710655.000000	14.011343	1971	0.000000
281474976710655.000000	14.146463	1972	0.000000
281474976710655.000000	13.787429	1973	0.000000
281474976710655.000000	14.147511	1974	0.000000
281474976710655.000000	13.487189	1975	0.000000
281474976710655.000000	13.958491	1976	0.000000
281474976710655.000000	13.586656	1977	0.000000
281474976710655.000000	13.817699	1978	0.000000
281474976710655.000000	13.521398	1979	0.000000
281474976710655.000000	13.912101	1980	0.000000
281474976710655.000000	13.600424	1981	0.000000
281474976710655.000000	13.708309	1982	0.000000
281474976710655.000000	13.913695	1983	0.000000
281474976710655.000000	13.453610	1984	0.000000
281474976710655.000000	14.043487	1985	0.000000
281474976710655.000000	13.771725	1986	0.000000
281474976710655.000000	13.623288	1987	0.000000
281474976710655.000000	13.869435	1988	0.000000
281474976710655.000000	13.358074	1989	0.000000
281474976710655.000000	13.768196	1990	0.000000
281474976710655.000000	13.812600	1991	0.000000
281474976710655.000000	13.737447	1992	0.000000
281474976710655.000000	14.466481	1993	0.000000
281474976710655.000000	13.653967	1994	0.000000
281474976710655.000000	13.296462	1995	0.000000
281474976710655.000000	13.473424	1996	0.000000
281474976710655.000000	13.418775	1997	0.000000
281474976710655.000000	13.457618	1998	0.000000
281474976710655.000000	13.494595	1999	0.000000
281474976710655.000000	13.727370	2000	0.000000
281474976710655.000000	13.493340	2001	0.000000
281474976710655.000000	13.384797	2002	0.000000
281474976710655.000000	13.226020	2003	0.000000
281474976710655.000000	13.137184	2004	0.000000
281474976710655.000000	13.163346	2005	0.000000
281474976710655.000000	13.401131	2006	0.000000
281474976710655.000000	13.349545	2007	0.000000
281474976710655.000000	13.459782	2008	0.000000
281474976710655.000000	13.229940	2009	0.000000
281474976710655.000000	13.142067	2010	0.000000
281474976710655.000000	13.745142	2011	0.000000
281474976710655.000000	13.294507	2012	0.000000
281474976710655.000000	13.159425	2013	0.000000
281474976710655.000000	13.874578	2014	0.000000
281474976710655.000000	13.195063	2015	0.000000
281474976710655.000000	13.053456	2016	0.000000
281474976710655.000000	13.246581	2017	0.000000
281474976710655.000000	13.003941	2018	0.000000
281474976710655.000000	13.268820	2019	0.000000
281474976710655.000000	13.440623	2020	0.000000
281474976710655.000000	13.056071	2021	0.000000
281474976710655.000000	13.358760	2022	0.000000
281474976710655.000000	12.875826	2023	0.000000
281474976710655.000000	12.770868	2024	0.000000
281474976710655.000000	12.825256	2025	0.000000
281474976710655.000000	13.403368	2026	0.000000
281474976710655.000000	13.236853	2027	0.000000
281474976710655.000000	12.760725	2028	0.000000
281474976710655.000000	13.065712	2029	0.000000
281474976710655.000000	13.323974	2030	0.000000
281474976710655.000000	13.176239	2031	0.000000
281474976710655.000000	13.125781	2032	0.000000
281474976710655.000000	13.390205	2033	0.000000
281474976710655.000000	13.072130	2034	0.000000
281474976710655.000000	13.153432	2035	0.000000
281474976710655.000000	12.781391	2036	0.000000
281474976710655.000000	12.979455	2037	0.000000
281474976710655.000000	13.328217	2038	0.000000
281474976710655.000000	12.633145	2039	0.000000
281474976710655.000000	13.258183	2040	0.000000
281474976710655.000000	12.987226	2041	0.000000
281474976710655.000000	13.308613	2042	0.000000
281474976710655.000000	12.475848	2043	0.000000
281474976710655.000000	12.907990	2044	0.000000
281474976710655.000000	12.829593	2045	0.000000
281474976710655.000000	12.737382	2046	0.000000
281474976710655.000000	12.906599	2047	0.000000
281474976710655.000000	12.612876	2048	0.000000
281474976710655.000000	12.933205	2049	0.000000
281474976710655.000000	12.961741	2050	0.000000
281474976710655.000000	12.734727	2051	0.000000
281474976710655.000000	12.801328	2052	0.000000
281474976710655.000000	12.944425	2053	0.000000
281474976710655.000000	12.570747	2054	0.000000
281474976710655.000000	12.426445	2055	0.000000
281474976710655.000000	12.780663	2056	0.000000
281474976710655.000000	12.943039	2057	0.000000
281474976710655.000000	12.347199	2058	0.000000
281474976710655.000000	12.786208	2059	0.000000
281474976710655.000000	12.778782	2060	0.000000
281474976710655.000000	12.906445	2061	0.000000
281474976710655.000000	12.625671	2062	0.000000
281474976710655.000000	12.849314	2063	0.000000
281474976710655.000000	12.502289	2064	0.000000
281474976710655.000000	12.619404	2065	0.000000
281474976710655.000000	12.724057	2066	0.000000
281474976710655.000000	12.633961	2067	0.000000
281474976710655.000000	12.624784	2068	0.000000
281474976710655.000000	12.545565	2069	0.000000
281474976710655.000000	12.535977	2070	0.000000
281474976710655.000000	12.494419	2071	0.000000
281474976710655.000000	12.613249	2072	0.000000
281474976710655.000000	12.343506	2073	0.000000
281474976710655.000000	12.463246	2074	0.000000
281474976710655.000000	12.524817	2075	0.000000
281474976710655.000000	12.592409	2076	0.000000
281474976710655.000000	12.256444	2077	0.000000
281474976710655.000000	12.665925	2078	0.000000
281474976710655.000000	12.379086	2079	0.000000
281474976710655.000000	12.192471	2080	0.000000
281474976710655.000000	12.532712	2081	0.000000
281474976710655.000000	12.555983	2082	0.000000
281474976710655.000000	12.456544	2083	0.000000
281474976710655.000000	12.394483	2084	0.000000
281474976710655.000000	12.291579	2085	0.000000
281474976710655.000000	12.539069	2086	0.000000
281474976710655.000000	12.317866	2087	0.000000
281474976710655.000000	12.497884	2088	0.000000
281474976710655.000000	12.412887	2089	0.000000
281474976710655.000000	12.388849	2090	0.000000
281474976710655.000000	12.296747	2091	0.000000
281474976710655.000000	12.063767	2092	0.000000
281474976710655.000000	12.187246	2093	0.000000
281474976710655.000000	12.119928	2094	0.000000
281474976710655.000000	12.285555	2095	0.000000
281474976710655.000000	12.319010	2096	0.000000
281474976710655.000000	12.368971	2097	0.000000
281474976710655.000000	12.063845	2098	0.000000
281474976710655.000000	12.199384	2099	0.000000
281474976710655.000000	12.217686	2100	0.000000
281474976710655.000000	12.112534	2101	0.000000
281474976710655.000000	12.203519	2102	0.000000
281474976710655.000000	12.137123	2103	0.000000
281474976710655.000000	12.289881	2104	0.000000
281474976710655.000000	12.185633	2105	0.000000
281474976710655.000000	11.828640	2106	0.000000
281474976710655.000000	12.248235	2107	0.000000
281474976710655.000000	12.033795	2108	0.000000
281474976710655.000000	12.145059	2109	0.000000
281474976710655.000000	11.961456	2110	0.000000
281474976710655.000000	11.935485	2111	0.000000
281474976710655.000000	11.886913	2112	0.000000
281474976710655.000000	11.982490	2113	0.000000
281474976710655.000000	12.347727	2114	0.000000
281474976710655.000000	11.890642	2115	0.000000
281474976710655.000000	11.936936	2116	0.000000
281474976710655.000000	11.931014	2117	0.000000
281474976710655.000000	11.826605	2118	0.000000
281474976710655.000000	11.960122	2119	0.000000
281474976710655.000000	11.922852	2120	0.000000
281474976710655.000000	11.645858	2121	0.000000
281474976710655.000000	11.977958	2122	0.000000
281474976710655.000000	11.951568	2123	0.000000
281474976710655.000000	11.663280	2124	0.000000
281474976710655.000000	11.593213	2125	0.000000
281474976710655.000000	11.935756	2126	0.000000
281474976710655.000000	11.731995	2127	0.000000
281474976710655.000000	11.872853	2128	0.000000
281474976710655.000000	11.794222	2129	0.000000
281474976710655.000000	11.619575	2130	0.000000
281474976710655.000000	12.014262	2131	0.000000
281474976710655.000000	11.723793	2132	0.000000
281474976710655.000000	11.676508	2133	0.000000
281474976710655.000000	11.690089	2134	0.000000
281474976710655.000000	11.701714	2135	0.000000
281474976710655.000000	11.713676	2136	0.000000
281474976710655.000000	11.598296	2137	0.000000
281474976710655.000000	11.809210	2138	0.000000
281474976710655.000000	11.827054	2139	0.000000
281474976710655.000000	11.760376	2140	0.000000
281474976710655.000000	11.451229	2141	0.000000
281474976710655.000000	11.771462	2142	0.000000
281474976710655.000000	11.607928	2143	0.000000
281474976710655.000000	11.652908	2144	0.000000
281474976710655.000000	11.407475	2145	0.000000
281474976710655.000000	11.845329	2146	0.000000
281474976710655.000000	11.464995	2147	0.000000
281474976710655.000000	11.626083	2148	0.000000
281474976710655.000000	11.447954	2149	0.000000
281474976710655.000000	11.697981	2150	0.000000
281474976710655.000000	11.557719	2151	0.000000
281474976710655.000000	11.458757	2152	0.000000
281474976710655.000000	11.607157	2153	0.000000
281474976710655.000000	11.446613	2154	0.000000
281474976710655.000000	11.439424	2155	0.000000
281474976710655.000000	11.472233	2156	0.000000
281474976710655.000000	11.412268	2157	0.000000
281474976710655.000000	11.357841	2158	0.000000
281474976710655.000000	11.261397	2159	0.000000
281474976710655.000000	11.384529	2160	0.000000
281474976710655.000000	10.933314	2161	0.000000
281474976710655.000000	11.327989	2162	0.000000
281474976710655.000000	11.201261	2163	0.000000
281474976710655.000000	11.653457	2164	0.000000
281474976710655.000000	11.368689	2165	0.000000
281474976710655.000000	11.510446	2166	0.000000
281474976710655.000000	11.201591	2167	0.000000
281474976710655.000000	11.396802	2168	0.000000
281474976710655.000000	11.290105	2169	0.000000
281474976710655.000000	11.350878	2170	0.000000
281474976710655.000000	11.255905	2171	0.000000
281474976710655.000000	11.302285	2172	0.000000
281474976710655.000000	11.322467	2173	0.000000
281474976710655.000000	11.179309	2174	0.000000
281474976710655.000000	11.120493	2175	0.000000
281474976710655.000000	11.325375	2176	0.000000
281474976710655.000000	11.272457	2177	0.000000
281474976710655.000000	11.259823	2178	0.000000
281474976710655.000000	11.023276	2179	0.000000
281474976710655.000000	10.878593	2180	0.000000
281474976710655.000000	11.105096	2181	0.000000
281474976710655.000000	10.997393	2182	0.000000
281474976710655.000000	11.068122	2183	0.000000
281474976710655.000000	11.256439	2184	0.000000
281474976710655.000000	11.041105	2185	0.000000
281474976710655.000000	11.047471	2186	0.000000
281474976710655.000000	10.904549	2187	0.000000
281474976710655.000000	10.876507	2188	0.000000
281474976710655.000000	10.943814	2189	0.000000
281474976710655.000000	11.199174	2190	0.000000
281474976710655.000000	11.024808	2191	0.000000
281474976710655.000000	10.936667	2192	0.000000
281474976710655.000000	10.855372	2193	0.000000
281474976710655.000000	10.916414	2194	0.000000
281474976710655.000000	11.078485	2195	0.000000
281474976710655.000000	11.071436	2196	0.000000
281474976710655.000000	10.863220	2197	0.000000
281474976710655.000000	10.891723	2198	0.000000
281474976710655.000000	10.983580	2199	0.000000
281474976710655.000000	10.907814	2200	0.000000
281474976710655.000000	10.989519	2201	0.000000
281474976710655.000000	10.871380	2202	0.000000
281474976710655.000000	10.986672	2203	0.000000
281474976710655.000000	10.847729	2204	0.000000
281474976710655.000000	10.944599	2205	0.000000
281474976710655.000000	10.668489	2206	0.000000
281474976710655.000000	10.560312	2207	0.000000
281474976710655.000000	10.657383	2208	0.000000
281474976710655.000000	10.647578	2209	0.000000
281474976710655.000000	10.820883	2210	0.000000
281474976710655.000000	10.887046	2211	0.000000
281474976710655.000000	10.732293	2212	0.000000
281474976710655.000000	10.702146	2213	0.000000
281474976710655.000000	10.596707	2214	0.000000
281474976710655.000000	10.623084	2215	0.000000
281474976710655.000000	10.742564	2216	0.000000
281474976710655.000000	10.618834	2217	0.000000
281474976710655.000000	10.865116	2218	0.000000
281474976710655.000000	10.877141	2219	0.000000
281474976710655.000000	10.718705	2220	0.000000
281474976710655.000000	10.584752	2221	0.000000
281474976710655.000000	10.605128	2222	0.000000
281474976710655.000000	10.538573	2223	0.000000
281474976710655.000000	10.745977	2224	0.000000
281474976710655.000000	10.758159	2225	0.000000
281474976710655.000000	10.699656	2226	0.000000
281474976710655.000000	10.437614	2227	0.000000
281474976710655.000000	10.428352	2228	0.000000
281474976710655.000000	10.495657	2229	0.000000
281474976710655.000000	10.725067	2230	0.000000
281474976710655.000000	10.512937	2231	0.000000
281474976710655.000000	10.440928	2232	0.000000
281474976710655.000000	10.447289	2233	0.000000
281474976710655.000000	10.511746	2234	0.000000
281474976710655.000000	10.553300	2235	0.000000
281474976710655.000000	10.444290	2236	0.000000
281474976710655.000000	10.567335	2237	0.000000
281474976710655.000000	10.425902	2238	0.000000
281474976710655.000000	10.336284	2239	0.000000
281474976710655.000000	10.415297	2240	0.000000
281474976710655.000000	10.182526	2241	0.000000
281474976710655.000000	10.489038	2242	0.000000
281474976710655.000000	10.285930	2243	0.000000
281474976710655.000000	10.539009	2244	0.000000
281474976710655.000000	10.483694	2245	0.000000
281474976710655.000000	10.512023	2246	0.000000
281474976710655.000000	10.376221	2247	0.000000
281474976710655.000000	10.414718	2248	0.000000
281474976710655.000000	10.176517	2249	0.000000
281474976710655.000000	10.384197	2250	0.000000
281474976710655.000000	10.072912	2251	0.000000
281474976710655.000000	10.259027	2252	0.000000
281474976710655.000000	10.329288	2253	0.000000
281474976710655.000000	10.337504	2254	0.000000
281474976710655.000000	10.288838	2255	0.000000
281474976710655.000000	10.191248	2256	0.000000
281474976710655.000000	10.251195	2257	0.000000
281474976710655.000000	10.179967	2258	0.000000
281474976710655.000000	10.093373	2259	0.000000
281474976710655.000000	10.221151	2260	0.000000
281474976710655.000000	10.098561	2261	0.000000
281474976710655.000000	9.984371	2262	0.000000
281474976710655.000000	10.179780	2263	0.000000
281474976710655.000000	10.246699	2264	0.000000
281474976710655.000000	10.083851	2265	0.000000
281474976710655.000000	10.189137	2266	0.000000
281474976710655.000000	10.183163	2267	0.000000
281474976710655.000000	9.984268	2268	0.000000
281474976710655.000000	9.898355	2269	0.000000
281474976710655.000000	9.886160	2270	0.000000
281474976710655.000000	9.980358	2271	0.000000
281474976710655.000000	10.263301	2272	0.000000
281474976710655.000000	10.119846	2273	0.000000
281474976710655.000000	10.052925	2274	0.000000
281474976710655.000000	9.890018	2275	0.000000
281474976710655.000000	10.071898	2276	0.000000
281474976710655.000000	9.976451	2277	0.000000
281474976710655.000000	10.172589	2278	0.000000
281474976710655.000000	10.075016	2279	0.000000
281474976710655.000000	10.088767	2280	0.000000
281474976710655.000000	9.837541	2281	0.000000
281474976710655.000000	9.818309	2282	0.000000
281474976710655.000000	9.710648	2283	0.000000
281474976710655.000000	9.806202	2284	0.000000
281474976710655.000000	9.761656	2285	0.000000
281474976710655.000000	10.068832	2286	0.000000
281474976710655.000000	10.046225	2287	0.000000
281474976710655.000000	9.673690	2288	0.000000
281474976710655.000000	9.865222	2289	0.000000
281474976710655.000000	9.906472	2290	0.000000
281474976710655.000000	9.714295	2291	0.000000
281474976710655.000000	9.832973	2292	0.000000
281474976710655.000000	9.887447	2293	0.000000
281474976710655.000000	9.839100	2294	0.000000
281474976710655.000000	9.760399	2295	0.000000
281474976710655.000000	9.792731	2296	0.000000
281474976710655.000000	9.733577	2297	0.000000
281474976710655.000000	9.943559	2298	0.000000
281474976710655.000000	9.801667	2299	0.000000
281474976710655.000000	9.808868	2300	0.000000
281474976710655.000000	9.671299	2301	0.000000
281474976710655.000000	9.748677	2302	0.000000
281474976710655.000000	9.623546	2303	0.000000
281474976710655.000000	9.814333	2304	0.000000
281474976710655.000000	9.683167	2305	0.000000
281474976710655.000000	9.640115	2306	0.000000
281474976710655.000000	9.659239	2307	0.000000
281474976710655.000000	9.555483	2308	0.000000
281474976710655.000000	9.515148	2309	0.000000
281474976710655.000000	9.565694	2310	0.000000
281474976710655.000000	9.615712	2311	0.000000
281474976710655.000000	9.542861	2312	0.000000
281474976710655.000000	9.715170	2313	0.000000
281474976710655.000000	9.592405	2314	0.000000
281474976710655.000000	9.609032	2315	0.000000
281474976710655.000000	9.507039	2316	0.000000
281474976710655.000000	9.574454	2317	0.000000
281474976710655.000000	9.615508	2318	0.000000
281474976710655.000000	9.491437	2319	0.000000
281474976710655.000000	9.541953	2320	0.000000
281474976710655.000000	9.397371	2321	0.000000
281474976710655.000000	9.366589	2322	0.000000
281474976710655.000000	9.389547	2323	0.000000
281474976710655.000000	9.465716	2324	0.000000
281474976710655.000000	9.672808	2325	0.000000
281474976710655.000000	9.388268	2326	0.000000
281474976710655.000000	9.304130	2327	0.000000
281474976710655.000000	9.348883	2328	0.000000
281474976710655.000000	9.384334	2329	0.000000
281474976710655.000000	9.410869	2330	0.000000
281474976710655.000000	9.366106	2331	0.000000
281474976710655.000000	9.346871	2332	0.000000
281474976710655.000000	9.522945	2333	0.000000
281474976710655.000000	9.344216	2334	0.000000
281474976710655.000000	9.381331	2335	0.000000
281474976710655.000000	9.281515	2336	0.000000
281474976710655.000000	9.341213	2337	0.000000
281474976710655.000000	9.409692	2338	0.000000
281474976710655.000000	9.246487	2339	0.000000
281474976710655.000000	9.213482	2340	0.000000
281474976710655.000000	9.354914	2341	0.000000
281474976710655.000000	9.218209	2342	0.000000
281474976710655.000000	9.248323	2343	0.000000
281474976710655.000000	9.206836	2344	0.000000
281474976710655.000000	9.214462	2345	0.000000
281474976710655.000000	9.262030	2346	0.000000
281474976710655.000000	9.147200	2347	0.000000
281474976710655.000000	9.110339	2348	0.000000
281474976710655.000000	9.130467	2349	0.000000
281474976710655.000000	9.160871	2350	0.000000
281474976710655.000000	9.075777	2351	0.000000
281474976710655.000000	9.174225	2352	0.000000
281474976710655.000000	9.119173	2353	0.000000
281474976710655.000000	8.986290	2354	0.000000
281474976710655.000000	9.204167	2355	0.000000
281474976710655.000000	9.118929	2356	0.000000
281474976710655.000000	8.992411	2357	0.000000
281474976710655.000000	9.120786	2358	0.000000
281474976710655.000000	9.051960	2359	0.000000
281474976710655.000000	8.959983	2360	0.000000
281474976710655.000000	9.059933	2361	0.000000
281474976710655.000000	9.078950	2362	0.000000
281474976710655.000000	9.015855	2363	0.000000
281474976710655.000000	8.994806	2364	0.000000
281474976710655.000000	9.213460	2365	0.000000
281474976710655.000000	9.030494	2366	0.000000
281474976710655.000000	8.920147	2367	0.000000
281474976710655.000000	8.965422	2368	0.000000
281474976710655.000000	8.971856	2369	0.000000
281474976710655.000000	9.062751	2370	0.000000
281474976710655.000000	9.030404	2371	0.000000
281474976710655.000000	8.887739	2372	0.000000
281474976710655.000000	8.798655	2373	0.000000
281474976710655.000000	8.778569	2374	0.000000
281474976710655.000000	8.878376	2375	0.000000
281474976710655.000000	8.934455	2376	0.000000
